THIS IS THE OUTPUT OF THE FINISHED LEARNING TASK


Ultralytics 8.4.51  Python-3.12.10 torch-2.12.0.dev20260408+cu128 CUDA:0 (NVIDIA GeForce RTX 5060, 8151MiB)
Model summary (fused): 73 layers, 11,208,402 parameters, 0 gradients, 28.9 GFLOPs
                 Class     Images  Instances      Box(P          R      mAP50  mAP50-95): 100% ━━━━━━━━━━━━ 292/292 4.1it/s 1:11
                   all       9339      23881      0.646       0.59      0.633      0.464
                 Apple        353       1247      0.746      0.635      0.716      0.572
             Apple Pie         33         34      0.764      0.647      0.773      0.625
               Avocado         59        144      0.803      0.729      0.749      0.479
                Banana        334        737      0.727       0.59      0.655       0.51
            Basil Rice          5          5          1          0      0.771      0.591
              Beetroot          3         12          0          0      0.123      0.076
           Bell Pepper        117        345      0.766      0.597      0.663      0.511
                 Bread         67        160      0.501      0.388      0.429      0.332
              Broccoli        127        300      0.577       0.43      0.491       0.36
                Bualoy          2          2       0.74          1      0.995      0.895
                Burger        211        259      0.735      0.782      0.818      0.716
               Cabbage         52         69      0.526      0.578      0.537      0.445
                  Cake        105        146      0.757      0.438      0.525      0.374
                Carrot        174        481      0.614       0.43      0.505      0.338
           Cauliflower          8          9      0.949      0.556      0.566      0.352
                Cheese         56        151      0.597      0.523      0.523      0.403
            Cheesecake          1          1          1          0      0.995      0.895
               Chicken         86        107      0.681      0.514      0.591      0.414
          Chicken Rice          4          4      0.422       0.25       0.62      0.327
               Coconut         52        117      0.565      0.385      0.418      0.255
                  Coke         23         56      0.566      0.875        0.8       0.57
                Cookie         38        150      0.399       0.24      0.203      0.157
                  Corn         24         29      0.646      0.621      0.658      0.451
      Crispy Pork Kale          4          4          1      0.737      0.745      0.537
             Croissant         62        126       0.63       0.46      0.558      0.417
                 Donut         38         41      0.661      0.427      0.534       0.39
                   Egg         14         19      0.352      0.579      0.499      0.392
              Eggplant         16         42      0.657      0.685      0.706      0.492
                   Fig          9         21      0.506      0.286      0.287      0.263
                  Fish         32         35      0.527        0.4      0.474      0.281
          French Fries        282        379      0.815      0.686      0.715      0.496
                 Grape        245        981      0.772      0.558      0.633      0.501
            Grapefruit         36        102      0.354      0.339      0.226      0.187
           Green Curry          3          3      0.731      0.925      0.913      0.871
       Grilled Chicken          5          5      0.804        0.8      0.895      0.714
             Hamburger         80        104      0.699       0.76      0.771      0.618
                 Homok          3          3      0.572      0.333      0.529       0.43
               Hot Dog         33         45      0.739      0.756      0.744      0.595
             Ice Cream         40        106      0.551      0.302      0.341      0.172
             Jackfruit         36         44      0.736      0.864      0.827      0.648
Japanese-style-pancake         14         14      0.713        0.5      0.652      0.469
                   Jok          1          1      0.517          1      0.995      0.895
                 Juice         36         57      0.626      0.412      0.423      0.308
          Khao kha moo          8          8      0.614      0.599      0.804      0.702
                  Laab          4          4      0.651          1      0.945      0.622
                Laadna          5          5          1       0.75       0.84      0.789
                 Lemon        114        274      0.496      0.496      0.474      0.389
               Lettuce         95        174      0.656      0.948      0.855      0.608
               Macaron         35         62      0.482      0.468      0.487      0.407
                 Mango         33        123      0.655      0.618      0.671      0.551
                Muffin         42        100      0.427       0.51      0.376      0.292
              Mushroom        109        215      0.716      0.609      0.619      0.402
               Namprig          6          6      0.647        0.5      0.584      0.439
              Omelette          4          4          1        0.9      0.995      0.789
                Orange        359       2394      0.718      0.612      0.682      0.471
               Padthai          4          4      0.717       0.25      0.409      0.358
               Pancake         39         79      0.583      0.367      0.386      0.248
          Papaya Salad          5          5      0.562      0.774      0.722      0.508
                 Pasta        394        397      0.884      0.937      0.946      0.756
                 Peach         62        187      0.586      0.492      0.519      0.455
                  Pear         88        246      0.697      0.671      0.661      0.516
                  Peas         48         49      0.839      0.878      0.883      0.761
             Pineapple        135        299      0.761      0.656      0.715      0.552
                 Pizza        242        296      0.781       0.77      0.806      0.675
           Pomegranate         65        115      0.711      0.548      0.551      0.487
               Popcorn         42         61      0.719      0.546      0.625      0.496
            Pork Satay          4          4      0.759        0.5      0.722      0.313
                Potato        138        298      0.513      0.591      0.556      0.444
               Pretzel          2          2      0.604          1      0.995      0.846
               Pumpkin        122        474      0.716      0.595      0.664       0.47
                Radish         31         47      0.606      0.404      0.509      0.413
                  Rice        533        652      0.815      0.735      0.787      0.558
                 Salad         46         52      0.508      0.308      0.438      0.365
                Salmon         28         64      0.648      0.484      0.554      0.386
              Sandwich         38         54      0.449      0.315      0.315      0.234
                Shrimp         85        170      0.583      0.371      0.411      0.276
               Spinach         61         93      0.569      0.237      0.254      0.159
                 Steak         46         52      0.545      0.506      0.492      0.327
            Strawberry        162        725      0.583      0.568      0.572      0.383
                 Sukee          2          2          0          0     0.0138     0.0124
          Sweet Potato         21         49      0.642      0.621       0.64      0.493
              Tiramisu         45         46      0.724      0.848      0.884      0.644
               Tom Yum          7          7      0.822      0.857      0.944      0.739
                Tomato        266       1248       0.67      0.522      0.598      0.425
                Waffle         40         73      0.759      0.726        0.8      0.695
            Watermelon        151        335      0.761      0.725      0.762      0.648
              Zucchini        100        284      0.638      0.423      0.506       0.36
   alooparatha-chapati        160        217      0.652      0.699      0.715      0.458
               baklava         12         17      0.457      0.446      0.487      0.337
                 bakso          1          1      0.626          1      0.995      0.895
                 bamia         10         11      0.534       0.42      0.501      0.346
                 beans         25         38      0.757      0.632      0.735      0.497
            beef-curry         24         24      0.792      0.953      0.929      0.733
           beef-noodle         12         12      0.843      0.583      0.681      0.421
                  beet         40        107      0.659      0.738      0.729      0.512
          besan_cheela         23         35      0.818      0.771       0.79      0.617
              bibimbap         19         19      0.732      0.842      0.858      0.759
              biriyani         83         96      0.791      0.748      0.878      0.761
          brus capusta         23         45      0.735      0.677      0.839      0.533
               cabbage         25         61      0.579      0.633      0.708      0.462
           carrot_eggs         87        106      0.902      0.782       0.83      0.602
           cayliflower         29         66      0.796      0.818      0.838      0.619
                celery         27         60      0.854      0.683      0.809      0.562
 chicken-n-egg-on-rice         15         15       0.56      0.765      0.698      0.572
          chicken-rice         10         10      0.581        0.6      0.618      0.474
       chicken_nuggets         71         97      0.835      0.677      0.727      0.525
       chinese_cabbage        110        155      0.672      0.639      0.644       0.43
       chinese_sausage        109        187      0.885      0.706      0.798      0.587
            chip-butty          9          9      0.237      0.312     0.0908     0.0745
                 chole         62         63       0.74      0.677      0.767      0.476
                  corn         28         86       0.83      0.837      0.897       0.64
             croquette          6          6      0.708          1      0.879      0.683
              cucumber        115        327      0.514      0.578      0.528      0.393
                 curry         85        118      0.907      0.788      0.864      0.665
                   dal         46         50      0.651       0.48      0.499      0.305
            dalmakhani         87         95      0.718       0.59      0.664      0.379
                  dosa         62         97       0.68      0.722      0.747      0.514
          dosa-uttapam         46        115      0.769      0.551      0.641      0.447
          eels-on-rice          9          9      0.827      0.889      0.937      0.696
              eggplant         35         94      0.772      0.734      0.732        0.4
               falafel          7         20      0.412       0.75      0.509        0.4
                 fasol         22         45      0.855      0.511       0.58      0.415
        fried eggplant         12         27      0.704      0.111      0.169     0.0695
            fried-fish          9          9      0.101      0.222      0.077     0.0495
          fried-noodle          8          8       0.32      0.473      0.342      0.144
            fried-rice         15         15      0.425      0.733      0.517      0.276
         fried_chicken        168        252      0.853       0.79       0.84      0.606
       fried_dumplings         60         74      0.706      0.676      0.716      0.514
            fried_eggs        148        206      0.946      0.796      0.878      0.666
             ganmodoki         13         13      0.692      0.462      0.527      0.244
                garlic         41        121      0.714      0.618       0.71      0.484
               ghanouj          4          4          0          0      0.117     0.0997
                gratin          7          7      0.665      0.851      0.702      0.559
      grilled-eggplant         14         14      0.376      0.214      0.301      0.193
grilled-pacific-saury-         13         13      0.525      0.846      0.746      0.425
        grilled-salmon         13         13      0.357      0.231      0.316      0.164
           gulab_jamun         50        434      0.899      0.947      0.941      0.719
                halawa          8          9      0.371      0.222      0.291      0.157
             hamburger         26         26      0.588      0.654      0.714      0.554
            hot pepper         27        135      0.827      0.689      0.762      0.437
                  idli         48        224      0.847      0.786      0.879      0.594
                jiaozi         15         15      0.621        0.8      0.829      0.606
                 kabsa          8          8       0.77        0.5      0.767      0.502
               khichdi         50         50      0.787       0.82       0.81      0.537
                 khubz          5          9      0.345      0.222      0.224       0.17
                 kofta         11         18      0.314     0.0793      0.143      0.113
               kunafah          8          8          1      0.435      0.564      0.476
               kushari          4          4      0.353       0.25      0.403      0.262
                mansaf          5          5      0.651      0.753      0.853      0.705
    middle east burger          5          5      0.902        0.2      0.261      0.226
     middle east pizza          8         16      0.434      0.125       0.23      0.176
     middle east salad          7          8      0.676        0.5      0.652      0.502
      middle east soup          8          8      0.769      0.421      0.675      0.478
             miso-soup         31         31      0.575      0.613      0.673      0.433
             mujaddara          9         10      0.508        0.5      0.454      0.315
            mulukhiyah         11         15      0.903        0.8      0.854      0.596
     mung_bean_sprouts        155        227      0.927      0.714      0.804      0.529
                  oden         11         11      0.648      0.545      0.716      0.541
                omelet          8          8      0.521      0.625      0.532       0.38
              omelette         63         75      0.703      0.507      0.666      0.493
                 onion         49        146      0.906      0.658      0.743      0.556
           palakpaneer        117        123      0.867      0.899      0.891      0.741
                 papad         30         46      0.731      0.348      0.418      0.296
                  peas         26         91      0.762      0.633      0.674      0.376
                 pilaf         15         15      0.477      0.467       0.42      0.254
                  pita          6         22       0.29      0.227       0.19      0.141
            pizza_full         16         22      0.355      0.773      0.628      0.594
            pizza_half          3          3      0.223      0.667      0.479      0.469
           pizza_slice          5          8      0.701      0.375      0.506      0.448
                  poha        125        135      0.905      0.911      0.942      0.768
                 poori         46         68      0.549       0.59      0.572      0.401
   pork-cutlet-on-rice         23         23      0.762      0.556      0.681       0.49
                potage         10         10      0.682        0.8      0.875        0.6
               qatayef          6         12      0.383      0.583      0.452      0.287
          raisin-bread          8          8      0.496      0.625      0.651      0.437
                 rajma         67         75      0.681      0.773      0.724      0.336
          ramen-noodle         32         32      0.682      0.906      0.896      0.705
              rasgulla         36        270      0.886      0.773      0.883      0.721
               rediska         34        123      0.773      0.748       0.79      0.555
                 redka         29        116      0.875      0.853      0.911      0.718
               rendang         15         15      0.885      0.933      0.979      0.804
            roll-bread         16         16      0.473      0.875      0.692      0.513
                 salad         18         29      0.739      0.828      0.864      0.729
       salmon-meuniere          6          6       0.22      0.167      0.165     0.0906
               sambhar         65         72      0.743      0.722      0.768      0.525
              sambosak         10         17      0.348      0.126      0.176     0.0918
                samosa         18         95      0.819      0.726      0.772      0.484
            sandwiches         18         18       0.64      0.791      0.717      0.462
               sashimi          8          8      0.534      0.577       0.59      0.382
               sausage         11         11      0.287      0.182       0.27      0.135
       sauteed-spinach          8          8      0.496      0.625      0.673      0.513
    sauteed-vegetables          8          8      0.376      0.376      0.427      0.238
                 sfiha          9         30      0.476      0.367      0.366      0.199
              shawarma          9         11      0.711       0.23      0.451      0.215
           shish taouk         13         16      0.684      0.312      0.541      0.344
           soba-noodle         13         13      0.711      0.759      0.765      0.648
             spaghetti         16         16      0.517      0.562      0.625      0.412
       squash-patisson         28         90      0.895      0.762      0.877      0.638
                  stew          8          8      0.598      0.743      0.697      0.659
              sukiyaki          9          9      0.372      0.111      0.219      0.188
                 sushi         13         13      0.403      0.364      0.214      0.154
              takoyaki         23         23      0.846      0.652       0.86      0.654
          telur_balado         29        109      0.691       0.78      0.756      0.402
          tempura-bowl         11         11      0.446      0.818      0.635      0.422
          tempura-udon         14         14      0.736      0.571      0.749      0.508
         tensin-noodle          9          9      0.634      0.556      0.565      0.431
 teriyaki-grilled-fish         10         10      0.346        0.1      0.135     0.0905
                 toast         20         20      0.406      0.615      0.646      0.426
   triangle_hash_brown        122        150      0.799       0.64      0.698      0.512
           udon-noodle         11         11      0.516      0.778      0.681      0.465
                  vada         52        238      0.855      0.793      0.836      0.522
      vegetable marrow         26         66       0.75      0.833      0.874      0.563
     vegetable-tempura          8          8      0.625       0.75      0.695       0.48
         water_spinach        138        172      0.857      0.756      0.803      0.512